14500200
14300200
14500100
14300100
14100200
14200200
14300100
14200100
14100100
14300100
14500200
15100150
14500050
15100150
14500050
15100100
14500100
14300200
14500200
14200100
14400100
14300100
14200100
14100200
50
3500050
3300051
3500050
3300051
3500050
3300051
50
3500050
3300051
50
3500050
3300051
50
3500050
3300051
50
3500050
3300051
50
3100050
3500050
3300051
3100050
50
3500050
3400051
3500050
3400051
3500050
3400051
50
3500050
3400051
50
3500050
3400051
50
3500050
3300051
50
3500050
3300051
50
3100050
3500050
3300051
3100050
50
3100050
3500100
3300101
50
3100050
3500100
3300101
50
3500050
3300051
50
3500050
3300051
50
3500050
3300051
3500050
3300051
3500050
3300051
50
3500050
3400051
3500050
3400051
3500050
3400051
50
3500050
3400051
50
3500050
3400051
50
3500050
3300051
50
3500050
3400051
3100050
3500050
3300051
3100100