14040080
14600080
15600080
15400080
15100080
15500080
15300080
10000080
15010080
15200080
15400080
15200080
14400080
15020080
15200080
15100160
14400080
15200080
15400080
10000080
15200080
15100080
14400080
10000080
15050080
15700080
14500080
15300160
15020080
15200080
15100080
10000080
14100080
14600080
15100080
14600080
10000080
14600080
14500080
14600080
14500080
10000080
11400080
14400080
14600080
14400080
10000080
14400080
14020080
14400080
14300080
10000080
14100080
14200080
14400080
14500080
14400080
14600080
15100080
14600080
14400080
14500080
14500080
14600080
14500240
10000080
14100080
14600080
15100080
14600080
10000080
14600080
14500080
14600080
14500080
10000160
14400080
14600080
14400080
10000080
14400080
14030080
14600080
14300080
10000080
14100080
14200080
14400080
14500080
14400080
14600080
14400080
14800080
14200080
14400080
14400080
14500080
14400240
10000160